     0/299     2.99G    0.1027   0.07943   0.01504    0.1972        85       640    0.6924    0.2603    0.1763   0.03862   0.07263   0.08758  0.004257
     1/299     2.95G    0.0739   0.06921  0.003445    0.1466        80       640    0.7924    0.2698    0.2315   0.05378    0.0777   0.07085  0.003219
     2/299     2.95G   0.07185   0.06448  0.003071    0.1394        65       640    0.7037    0.3891    0.1866   0.05636   0.07469     0.072  0.003274
     3/299     2.95G    0.0702   0.06553   0.00283    0.1386        53       640    0.8361    0.3665    0.3173    0.1001   0.06584   0.06911  0.003196
     4/299     2.96G   0.06832   0.06571  0.003269    0.1373        81       640    0.8685    0.3777    0.3702    0.1302   0.05902   0.07486  0.003254
     5/299     2.96G   0.07188   0.06574  0.002904    0.1405        80       640     0.911    0.3968      0.39    0.1301   0.06518   0.07094  0.003186
     6/299     2.96G   0.07105   0.06531  0.002804    0.1392       119       640    0.8822    0.3629    0.3611    0.1007   0.06563   0.07249  0.002924
     7/299     2.96G   0.06174   0.06503  0.002349    0.1291        63       640    0.9212      0.41    0.4629    0.1532   0.06022   0.07019   0.00277
     8/299     2.96G    0.0583   0.06323  0.002496     0.124        41       640    0.9432     0.429    0.4573    0.1766   0.05037   0.06855   0.00267
     9/299     2.96G   0.05609   0.06297  0.002809    0.1219        61       640    0.9548    0.4373    0.4945    0.1953   0.05128   0.06814   0.00267
    10/299     2.96G   0.05363   0.06207  0.002166    0.1179        98       640    0.5244    0.5545    0.5078    0.2063   0.04965   0.06745  0.002499
    11/299     2.96G   0.05276   0.06359  0.001855    0.1182        25       640    0.6047     0.553    0.5327    0.2135   0.05078   0.06703  0.002372
    12/299     2.96G   0.05152   0.06139   0.00156    0.1145        34       640    0.5991    0.5535    0.5201    0.1853    0.0494   0.06804  0.002276
    13/299     2.96G   0.05104   0.06145  0.002038    0.1145        71       640    0.7026    0.5605    0.5452    0.2255   0.04607   0.06646    0.0022
    14/299     2.96G   0.05107   0.06221  0.001623    0.1149        63       640    0.6573    0.5549    0.5332    0.1704   0.04989   0.06838  0.002156
    15/299     2.96G   0.05011   0.06227  0.001655     0.114        71       640    0.6744    0.5731    0.5565    0.2214   0.04693   0.06626  0.002057
    16/299     2.96G   0.04899   0.06185  0.001181     0.112        37       640    0.7068    0.5796    0.5618    0.2395   0.04545   0.06534  0.001975
    17/299     2.96G   0.04918   0.06044  0.001394     0.111        61       640    0.5517    0.5618    0.5175     0.205   0.04779   0.06639   0.00198
    18/299     2.96G   0.04973   0.06082  0.002081    0.1126        96       640    0.7196    0.5981    0.5757    0.2463   0.04683    0.0653  0.001963
    19/299     2.96G   0.04841   0.06116  0.001497    0.1111       108       640    0.6448    0.5853    0.5585    0.2185   0.04676   0.06598  0.001922
    20/299     2.96G    0.0472   0.06037  0.001524    0.1091        71       640    0.7482    0.5887    0.5889    0.2467   0.04554   0.06518  0.001909
    21/299     2.96G   0.04803   0.06153  0.001212    0.1108        51       640    0.7617    0.6029    0.6038    0.2589   0.04481   0.06438  0.001907
    22/299     2.96G   0.04671   0.06055 0.0009549    0.1082        71       640    0.6935    0.6077    0.5842     0.237   0.04632   0.06523   0.00191
    23/299     2.96G   0.04866   0.05972 0.0009415    0.1093        65       640    0.7554    0.6148     0.605    0.2626    0.0441   0.06415  0.001872
    24/299     2.96G   0.04665   0.05793  0.001117    0.1057       116       640    0.7936    0.6125    0.6105    0.2723   0.04379   0.06365  0.001855
    25/299     2.96G   0.04837   0.06001 0.0009836    0.1094       112       640    0.7989    0.6048    0.6039    0.2651   0.04518   0.06418  0.001838
    26/299     2.96G   0.04641   0.05943  0.001233    0.1071        95       640    0.7838    0.5971    0.5954    0.2621   0.04419   0.06378  0.001836
    27/299     2.96G   0.04708   0.05899  0.001428    0.1075        75       640    0.7833    0.6007    0.6079    0.2722   0.04284   0.06321  0.001825
    28/299     2.96G   0.04706   0.05942  0.001011    0.1075        45       640     0.782    0.6265     0.617    0.2749    0.0436   0.06322  0.001821
    29/299     2.96G   0.04496   0.05933  0.001271    0.1056        90       640    0.6964    0.6005    0.5819    0.2285    0.0453   0.06514  0.001824
    30/299     2.96G   0.04609   0.05948  0.001728    0.1073        67       640    0.7943     0.618    0.6214    0.2724   0.04308   0.06335   0.00182
    31/299     2.96G   0.04609    0.0595  0.001196    0.1068       116       640    0.7254    0.6264    0.6106    0.2683   0.04255   0.06333  0.001808
    32/299     2.96G   0.04595   0.05899  0.001505    0.1064        66       640    0.7763    0.6145     0.611    0.2761   0.04228   0.06276  0.001808
    33/299     2.96G   0.04561   0.05915 0.0009447    0.1057        70       640    0.7706    0.6235    0.6246    0.2741   0.04291   0.06334  0.001811
    34/299     2.96G   0.04617    0.0594   0.00119    0.1068        62       640    0.7671    0.6202    0.6183     0.278   0.04282   0.06283  0.001802
    35/299     2.96G   0.04528   0.05908  0.001671     0.106        84       640    0.7508    0.6065     0.604    0.2589   0.04388   0.06345    0.0018
    36/299     2.96G   0.04594   0.05979  0.001291     0.107        52       640    0.7807    0.6308    0.6262    0.2837   0.04227   0.06269  0.001785
    37/299     2.96G   0.04403   0.05823  0.001283    0.1035        78       640    0.7895    0.6378     0.637    0.2798   0.04202   0.06306  0.001777
    38/299     2.96G   0.04544   0.05919  0.001756    0.1064        39       640    0.8037    0.6333    0.6414    0.2884   0.04238   0.06265  0.001777
    39/299     2.96G   0.04537   0.05889  0.001354    0.1056       128       640    0.8161    0.6305    0.6457    0.2839   0.04215   0.06261  0.001756
    40/299     2.96G   0.04409   0.05861    0.0016    0.1043        83       640    0.8008    0.6378    0.6451    0.2883   0.04184   0.06239   0.00178
    41/299     2.96G   0.04398    0.0585  0.001673    0.1041        55       640    0.7848    0.6419    0.6457    0.2887   0.04167   0.06255  0.001752
    42/299     2.96G   0.04438   0.05857 0.0009512    0.1039        58       640    0.8036    0.6438    0.6435    0.2925   0.04139   0.06227  0.001738
    43/299     2.96G   0.04411     0.059  0.001203    0.1043        34       640    0.7651    0.6442    0.6312    0.2837   0.04154   0.06217  0.001741
    44/299     2.96G   0.04468   0.05796  0.002455    0.1051        73       640    0.8217    0.6543    0.6588    0.3025   0.04169   0.06207  0.001742
    45/299     2.96G   0.04354   0.05764  0.001489    0.1027        64       640    0.7979    0.6457    0.6429    0.2884   0.04233   0.06254  0.001728
    46/299     2.96G   0.04429   0.05934   0.00134     0.105        86       640    0.7969    0.6566     0.655    0.2997   0.04093   0.06182  0.001749
    47/299     2.96G    0.0446   0.05809  0.001976    0.1047       108       640    0.8165    0.6563    0.6584    0.3026   0.04034   0.06164  0.001739
    48/299     2.96G    0.0432   0.05709  0.001085    0.1014        99       640    0.8215    0.6537    0.6628    0.3011   0.04118   0.06188  0.001719
    49/299     2.96G   0.04325   0.05788  0.001184    0.1023        72       640    0.7986    0.6533    0.6578    0.3031   0.04088   0.06188   0.00172
    50/299     2.96G   0.04371   0.05809  0.000744    0.1025        34       640    0.8336    0.6459    0.6592    0.3008   0.04049   0.06174   0.00171
    51/299     2.96G   0.04416   0.05746  0.001887    0.1035        85       640    0.8272    0.6384     0.653    0.2946   0.04106   0.06181  0.001714
    52/299     2.96G   0.04401   0.05752 0.0009301    0.1025        60       640    0.7985    0.6449    0.6527    0.2935   0.04121   0.06201  0.001715
    53/299     2.96G   0.04344   0.05809  0.001169    0.1027        46       640    0.8111    0.6569    0.6608    0.2987     0.041   0.06166  0.001685
    54/299     2.96G   0.04372   0.05773  0.001474    0.1029        55       640    0.8314    0.6497    0.6669    0.3008    0.0405   0.06202  0.001726
    55/299     2.96G   0.04368   0.05882  0.001375    0.1039        41       640    0.8359    0.6409    0.6568    0.2999   0.04028   0.06181  0.001715
    56/299     2.96G    0.0431   0.05835  0.001521     0.103        44       640    0.8254    0.6509    0.6636    0.3049   0.03955   0.06141  0.001692
    57/299     2.96G    0.0429   0.05691  0.001511    0.1013       119       640    0.8195    0.6392    0.6486    0.2999    0.0409   0.06162  0.001686
    58/299     2.96G   0.04349   0.05789 0.0007634    0.1021       118       640    0.8299    0.6544    0.6578    0.3018   0.04034   0.06166  0.001678
    59/299     2.96G   0.04313   0.05766   0.00137    0.1022        57       640    0.7838    0.6395    0.6422    0.2924   0.03998   0.06165  0.001669
    60/299     2.96G   0.04227   0.05696 0.0008097       0.1       126       640    0.8356    0.6546    0.6655    0.3087   0.03926   0.06101  0.001654
    61/299     2.96G   0.04323   0.05757   0.00108    0.1019       110       640    0.7997    0.6597    0.6601    0.2965   0.04045   0.06186  0.001665
    62/299     2.96G   0.04197    0.0576 0.0009326    0.1005        47       640    0.8296    0.6609    0.6702    0.3079    0.0395    0.0611  0.001653
    63/299     2.96G   0.04275   0.05818  0.001337    0.1023        52       640    0.8269    0.6532    0.6628    0.3071   0.03996   0.06112  0.001638
    64/299     2.96G   0.04345   0.05696  0.001676    0.1021        52       640      0.83    0.6525    0.6664    0.3095   0.03904   0.06088  0.001628
    65/299     2.96G   0.04217   0.05733   0.00107    0.1006        61       640    0.8265    0.6581    0.6655    0.3029   0.03991   0.06124  0.001644
    66/299     2.96G   0.04214   0.05802 0.0009089    0.1011        97       640    0.8196    0.6612    0.6722    0.3107   0.03995   0.06148  0.001637
    67/299     2.96G   0.04244   0.05644 0.0007889   0.09967        42       640    0.8227    0.6484    0.6636    0.3049   0.03962    0.0612  0.001637
    68/299     2.96G   0.04428   0.05861  0.001127     0.104        56       640    0.7916    0.6359    0.6303     0.279   0.04344   0.06349  0.001689
    69/299     2.96G   0.04421   0.05857 0.0008207    0.1036        49       640    0.8003    0.6496    0.6497    0.2954   0.04113   0.06224  0.001655
    70/299     2.96G   0.04313   0.05864 0.0009804    0.1028        62       640    0.8146    0.6564     0.664    0.2968   0.04052   0.06178  0.001641
    71/299     2.96G   0.04354   0.05806   0.00124    0.1028       107       640    0.8178    0.6699    0.6773    0.3085   0.04013    0.0614  0.001638
    72/299     2.96G   0.04279   0.05726  0.000725    0.1008        49       640    0.8103    0.6659    0.6732     0.309   0.03993   0.06134  0.001616
    73/299     2.96G   0.04186   0.05599  0.001291   0.09914        41       640    0.8273    0.6677    0.6767    0.3135   0.03932     0.061  0.001615
    74/299     2.96G   0.04078   0.05612 0.0007304   0.09763        72       640     0.804      0.67    0.6738      0.31    0.0391   0.06106  0.001609
    75/299     2.96G   0.04167     0.057  0.001327       0.1        48       640    0.8385    0.6479    0.6693    0.3077   0.03979    0.0613  0.001522
    76/299     2.96G   0.04136   0.05685  0.001245   0.09945        34       640    0.8465    0.6588    0.6814    0.3143   0.03929   0.06106   0.00155
    77/299     2.96G   0.04158   0.05741  0.001317    0.1003        53       640     0.809    0.6711    0.6759    0.3119   0.03951   0.06139  0.002439
    78/299     2.96G   0.04101   0.05715 0.0007755   0.09894        74       640    0.8115    0.6683    0.6681    0.3087   0.03863    0.0607  0.001365
    79/299     2.96G   0.04125   0.05634 0.0009117   0.09851        65       640    0.8521    0.6568    0.6786    0.3178   0.03844   0.06079  0.001426
    80/299     2.96G   0.04119   0.05647  0.000703   0.09836       112       640    0.8234    0.6595    0.6719    0.3146   0.03842   0.06065  0.001395
    81/299     2.96G   0.04168   0.05818  0.001245    0.1011        45       640    0.8187    0.6708    0.6868    0.3189    0.0385   0.06073    0.0014
    82/299     2.96G   0.04094   0.05624  0.001368   0.09855        43       640     0.848    0.6581     0.679     0.312   0.03819   0.06054  0.001376
    83/299     2.96G   0.04037   0.05614  0.001144   0.09766        38       640    0.8394    0.6672    0.6834    0.3193   0.03827   0.06039  0.001264
    84/299     2.96G   0.04121   0.05627  0.000994   0.09848        74       640     0.816    0.6734    0.6833    0.3197   0.03818   0.06039  0.001273
    85/299     2.96G   0.04158   0.05628  0.001441    0.0993        74       640     0.806    0.6791    0.6868    0.3208   0.03859   0.06069  0.001368
    86/299     2.96G   0.04134   0.05584 0.0009318   0.09811        54       640    0.8072    0.6806    0.6849    0.3199   0.03868   0.06063  0.001214
    87/299     2.96G    0.0412   0.05647 0.0007987   0.09847        57       640    0.8401    0.6717    0.6881    0.3205   0.03803   0.06033  0.001128
    88/299     2.96G   0.04134   0.05622 0.0006247   0.09818       114       640    0.8394    0.6758    0.6876    0.3219   0.03764   0.06009  0.001092
    89/299     2.96G   0.04048   0.05655 0.0006037   0.09763        38       640    0.8327    0.6799    0.6913    0.3231   0.03784   0.06019  0.001147
    90/299     2.96G   0.03972   0.05499 0.0007761   0.09548        51       640     0.822    0.6851    0.6916    0.3243   0.03785   0.06005  0.001107
    91/299     2.96G   0.04092   0.05578 0.0007594   0.09746        88       640    0.8025    0.6972    0.6933    0.3266   0.03798   0.06002  0.001094
    92/299     2.96G   0.04119   0.05784  0.001298    0.1003        83       640    0.8032    0.6688    0.6755    0.3195   0.03847   0.06048  0.001217
    93/299     2.96G   0.04142   0.05634 0.0006748   0.09843        44       640    0.7828    0.6717    0.6566    0.3074   0.03898   0.06083  0.001241
    94/299     2.96G   0.04198   0.05727 0.0007018   0.09996        74       640    0.8211    0.6729    0.6852    0.3162   0.03869   0.06057  0.001112
    95/299     2.96G   0.04166   0.05625  0.001245   0.09915        83       640    0.8438    0.6698    0.6967    0.3214   0.03784   0.06027  0.001075
    96/299     2.96G   0.04071   0.05439 0.0006346   0.09574        17       640    0.8264    0.6853    0.6993    0.3292   0.03774   0.05992  0.001049
    97/299     2.96G   0.04007   0.05701 0.0005309    0.0976       110       640    0.8394    0.6759    0.6944    0.3295    0.0374   0.05979  0.001086
    98/299     2.96G   0.04022   0.05588 0.0007248   0.09682        55       640    0.8092    0.6727    0.6859    0.3222   0.03761   0.05994  0.001054
    99/299     2.96G   0.04051   0.05597 0.0009356   0.09741        73       640    0.8309    0.6938    0.7007    0.3301   0.03752   0.06004  0.001004
   100/299     2.96G   0.04096   0.05434 0.0005942   0.09589        31       640    0.8147    0.6981    0.7075    0.3313   0.03752   0.05979 0.0009728
   101/299     2.96G   0.04028   0.05605 0.0007186   0.09706        65       640    0.8108    0.6899    0.6889    0.3288   0.03737   0.05982  0.001044
   102/299     2.96G   0.04076   0.05733  0.000901   0.09898        74       640    0.8205    0.6828    0.6952     0.316   0.03864   0.06072  0.001022
   103/299     2.96G   0.04062   0.05738 0.0005989    0.0986        43       640    0.8131    0.6873    0.6896     0.328   0.03801   0.06035   0.00101
   104/299     2.96G   0.04069   0.05639 0.0005916   0.09768        62       640    0.8179    0.6945    0.6936     0.332   0.03721   0.05985 0.0009996
   105/299     2.96G   0.04097   0.05674  0.001287     0.099        59       640    0.7774    0.6918    0.6727    0.3233   0.03749   0.05981  0.001076
   106/299     2.96G   0.03935     0.056 0.0005389   0.09589        51       640    0.8042    0.6862    0.6905     0.328   0.03722   0.05951  0.001226
   107/299     2.96G   0.04022   0.05565 0.0006515   0.09652        40       640    0.8214    0.7008    0.7057    0.3315   0.03686   0.05951  0.001018
   108/299     2.96G   0.04027   0.05581  0.000789   0.09687        87       640    0.8056    0.7069    0.6931    0.3315   0.03691   0.05921 0.0009647
   109/299     2.96G   0.03919    0.0552 0.0005566   0.09495        46       640    0.8252    0.7001    0.7099    0.3374   0.03688   0.05938 0.0009368
   110/299     2.96G   0.04099   0.05612  0.001163   0.09827        56       640    0.8214    0.6858     0.694    0.3242   0.03879   0.06041  0.001044
   111/299     2.96G   0.03998   0.05608   0.00087   0.09693       109       640    0.7916    0.7039    0.6883    0.3304   0.03742   0.05966 0.0009261
   112/299     2.96G   0.04052    0.0549 0.0006572   0.09608        37       640    0.8025    0.7108     0.711    0.3351   0.03738   0.05955  0.001004
   113/299     2.96G   0.04084   0.05567 0.0006459   0.09716        91       640    0.8404    0.6895    0.7014    0.3328   0.03738   0.05958 0.0009374
   114/299     2.96G   0.04054   0.05616  0.000835   0.09754       148       640    0.8294    0.7108    0.7171     0.337   0.03729    0.0595 0.0008498
   115/299     2.96G    0.0403    0.0558 0.0004134   0.09652       128       640    0.8561    0.6777    0.7057    0.3299   0.03637   0.05936 0.0008127
   116/299     2.96G   0.03972   0.05541  0.001185   0.09631        64       640    0.8397    0.6799    0.7048    0.3308   0.03775   0.05966 0.0008119
   117/299     2.96G   0.04028   0.05555 0.0005728    0.0964       101       640    0.8336    0.7067    0.7109    0.3395   0.03673   0.05923 0.0007284
   118/299     2.96G   0.03999   0.05629 0.0005387   0.09683       111       640    0.8237    0.6989    0.7077    0.3356   0.03703   0.05959 0.0007605
   119/299     2.96G   0.03908   0.05579 0.0005769   0.09545        20       640    0.8292    0.7109    0.7156    0.3395   0.03658   0.05922 0.0007976
   120/299     2.96G   0.03918   0.05599 0.0007447   0.09591        62       640    0.8295    0.6972    0.7119    0.3386   0.03631   0.05875 0.0007439
   121/299     2.96G   0.03923    0.0549 0.0005656   0.09469        49       640    0.8462    0.6957    0.7127    0.3406   0.03608   0.05876 0.0008474
   122/299     2.96G   0.03962   0.05462 0.0005794   0.09482        64       640    0.8284    0.7086    0.7126    0.3438   0.03551   0.05871 0.0008984
   123/299     2.96G   0.03941   0.05679 0.0007867   0.09699       117       640    0.8319    0.6948    0.7023    0.3407   0.03699   0.05918  0.000939
   124/299     2.96G   0.03983   0.05616 0.0008015    0.0968       121       640    0.8275    0.6993    0.7034    0.3386   0.03699   0.05948 0.0008593
   125/299     2.96G   0.03955    0.0552 0.0005243   0.09527        84       640    0.7909    0.7031     0.683    0.3315    0.0368   0.05925 0.0009658
   126/299     2.96G   0.03988   0.05581   0.00123   0.09692        86       640    0.8099    0.6937    0.7089    0.3328   0.03703   0.05938 0.0008978
   127/299     2.96G   0.04067   0.05587 0.0005421   0.09709        82       640    0.8107     0.694    0.7023    0.3318    0.0366   0.05935 0.0008904
   128/299     2.96G   0.03905   0.05522 0.0005948   0.09486        46       640    0.8261    0.6967    0.7038     0.335   0.03658   0.05933 0.0008953
   129/299     2.96G   0.03959   0.05584  0.000695   0.09613        38       640    0.7995    0.6934    0.6952    0.3361   0.03666   0.05906 0.0008871
   130/299     2.96G   0.03883   0.05514 0.0004913   0.09446        52       640      0.81    0.7069    0.7045    0.3361   0.03578   0.05877 0.0008667
   131/299     2.96G   0.03908   0.05451 0.0006285   0.09422        45       640    0.8331    0.7004    0.7151    0.3451   0.03568   0.05852 0.0008747
   132/299     2.96G   0.03811   0.05493 0.0005897   0.09363        64       640    0.8438    0.7046    0.7188    0.3469    0.0356   0.05842  0.000836
   133/299     2.96G   0.03851   0.05528 0.0008752   0.09467       129       640    0.8344    0.7047    0.7065    0.3362   0.03572   0.05845 0.0008434
   134/299     2.96G   0.03863   0.05433 0.0005833   0.09354        40       640    0.8257    0.7106    0.7038    0.3428    0.0355   0.05835 0.0008041
   135/299     2.96G   0.03948   0.05509 0.0004954   0.09506       113       640    0.8333    0.7132    0.7183    0.3428   0.03527    0.0584 0.0007113
   136/299     2.96G   0.03831   0.05469  0.000428   0.09343        54       640    0.8543    0.7048    0.7225    0.3479   0.03471   0.05806 0.0007167
   137/299     2.96G   0.03749   0.05516 0.0006207   0.09327        37       640    0.8339    0.7017     0.714    0.3472   0.03517   0.05802 0.0007489
   138/299     2.96G   0.03812   0.05401 0.0004623   0.09259        43       640     0.847    0.7091    0.7177    0.3526   0.03517   0.05792 0.0008428
   139/299     2.96G   0.03855   0.05424 0.0009416   0.09374        64       640    0.8265    0.7091    0.7143    0.3511    0.0354   0.05814 0.0008004
   140/299     2.96G   0.03824    0.0553 0.0005129   0.09405        38       640    0.8354    0.7126    0.7205    0.3519   0.03532   0.05798 0.0008177
   141/299     2.96G   0.03763   0.05428 0.0004989   0.09241        76       640    0.8643     0.708    0.7235    0.3494   0.03477   0.05787  0.000718
   142/299     2.96G   0.03781   0.05505 0.0003991   0.09326        52       640    0.8483    0.7085    0.7198      0.35   0.03465   0.05788 0.0007541
   143/299     2.96G   0.03727   0.05385 0.0005511   0.09166        46       640    0.8569     0.721    0.7288    0.3568   0.03429   0.05768 0.0007159
   144/299     2.96G    0.0377    0.0545 0.0004515   0.09265        73       640    0.8464    0.7021    0.7123    0.3503   0.03427   0.05745 0.0007205
   145/299     2.96G   0.03752   0.05338 0.0004546   0.09135        81       640    0.8664    0.7066    0.7193    0.3573   0.03419   0.05742 0.0007207
   146/299     2.96G   0.03738     0.054  0.000404   0.09179       102       640    0.8552    0.7115    0.7266    0.3574   0.03394   0.05732 0.0006625
   147/299     2.96G   0.03716    0.0545 0.0004029   0.09206        84       640    0.8573    0.7083    0.7225    0.3554   0.03456   0.05754 0.0007359
   148/299     2.96G   0.03784   0.05487 0.0006806   0.09339       147       640    0.8704    0.7017    0.7241    0.3567   0.03445   0.05749 0.0007308
   149/299     2.96G   0.03764   0.05334 0.0004322   0.09141        43       640    0.8542     0.721    0.7314    0.3557   0.03476   0.05757 0.0006841
   150/299     2.96G   0.03742   0.05399 0.0006401   0.09205        63       640    0.8415    0.7053    0.7168    0.3542   0.03467   0.05756 0.0005943
   151/299     2.96G    0.0376   0.05386 0.0004282   0.09189        40       640    0.8596    0.7081     0.725    0.3607   0.03358   0.05728 0.0004889
   152/299     2.96G   0.03722   0.05387 0.0004336   0.09153        59       640    0.8415    0.7243    0.7278     0.359   0.03356   0.05711 0.0003615
   153/299     2.96G   0.03669   0.05368 0.0003327   0.09071        52       640    0.8561    0.7098     0.718    0.3596    0.0335   0.05695 0.0003333
   154/299     2.96G   0.03627   0.05289 0.0003559   0.08952       119       640    0.8607    0.7173    0.7325    0.3636   0.03345   0.05671 0.0003058
   155/299     2.96G   0.03698   0.05241 0.0005529   0.08994        69       640    0.8288    0.7261    0.7221    0.3575   0.03483   0.05756 0.0003481
   156/299     2.96G   0.03734   0.05349 0.0005173   0.09134        64       640    0.8541    0.7246    0.7282    0.3602    0.0349   0.05745 0.0004228
   157/299     2.96G   0.03691   0.05414 0.0005118   0.09156       122       640    0.8442    0.7262    0.7277    0.3642   0.03443   0.05719 0.0004408
   158/299     2.96G   0.03761    0.0539 0.0005989    0.0921        45       640    0.8499    0.7066    0.7194    0.3541   0.03436   0.05743 0.0003946
   159/299     2.96G   0.03686   0.05414 0.0003635   0.09136        27       640    0.8502    0.7158    0.7224    0.3599   0.03373   0.05719 0.0004054
   160/299     2.96G   0.03692   0.05444 0.0005045   0.09186        91       640    0.8363    0.7237    0.7256    0.3608   0.03383   0.05707 0.0007549
   161/299     2.96G   0.03675   0.05343 0.0003532   0.09053       117       640    0.8509    0.7301     0.736    0.3646   0.03334   0.05682 0.0006793
   162/299     2.96G   0.03656   0.05345 0.0004322   0.09045        55       640    0.8584    0.7189    0.7345    0.3675   0.03326   0.05645 0.0004971
   163/299     2.96G   0.03597   0.05323 0.0005102   0.08971        35       640    0.8557     0.733    0.7398    0.3685   0.03294    0.0565 0.0003407
   164/299     2.96G   0.03592   0.05252 0.0003957   0.08884        43       640    0.8877    0.7278    0.7494     0.368   0.03269   0.05624 0.0002881
   165/299     2.96G   0.03579   0.05298 0.0004987   0.08926       132       640    0.8721     0.723    0.7423     0.374   0.03256   0.05633 0.0003087
   166/299     2.96G   0.03645   0.05316 0.0004281   0.09004        64       640    0.8972    0.7171     0.748    0.3705   0.03279   0.05627 0.0002915
   167/299     2.96G   0.03605   0.05281 0.0005823   0.08944        61       640    0.8647    0.7101    0.7213     0.365   0.03294   0.05646 0.0006931
   168/299     2.96G   0.03554   0.05381 0.0004162   0.08977        36       640    0.8593    0.7043     0.717    0.3647   0.03287   0.05611 0.0007573
   169/299     2.96G   0.03869   0.05438 0.0004511   0.09352        35       640    0.8285    0.6878    0.6846    0.3368   0.03716   0.05899 0.0008832
   170/299     2.96G   0.03996   0.05562 0.0008276   0.09641        52       640    0.8009    0.7062     0.675    0.3314   0.03696   0.05927 0.0009801
   171/299     2.96G   0.03789   0.05586 0.0003842   0.09414        59       640     0.836    0.7026    0.7102    0.3469   0.03596   0.05843 0.0008283
   172/299     2.96G   0.03761   0.05582 0.0005635     0.094       138       640    0.8248    0.7082    0.7031    0.3499   0.03479   0.05776   0.00083
   173/299     2.96G   0.03741   0.05418 0.0004876   0.09208        70       640    0.8504    0.7077    0.7272     0.361   0.03454   0.05738 0.0007406
   174/299     2.96G   0.03842   0.05505 0.0007184   0.09418        46       640    0.8423    0.7158    0.7188    0.3581   0.03462   0.05741 0.0003104
   175/299     2.96G   0.03664   0.05293 0.0003301   0.08991        23       640    0.8703    0.7035    0.7269    0.3669   0.03387   0.05718 0.0002971
   176/299     2.96G   0.03677   0.05366 0.0003074   0.09074        44       640    0.8456    0.7101    0.7193    0.3602   0.03345   0.05672 0.0003131
   177/299     2.96G   0.03704   0.05253 0.0004764   0.09005        55       640    0.8374    0.7149    0.7272    0.3622   0.03335   0.05663 0.0002789
   178/299     2.96G   0.03642   0.05403 0.0003887   0.09083        67       640     0.853    0.7079    0.7219    0.3634   0.03322    0.0565 0.0002878
   179/299     2.96G   0.03602   0.05275 0.0007399   0.08951        87       640    0.8491     0.718    0.7289    0.3677   0.03306   0.05631  0.000284
   180/299     2.96G   0.03615   0.05324 0.0002903   0.08968        36       640    0.8524     0.723    0.7377     0.369   0.03254   0.05624 0.0002737
   181/299     2.96G   0.03623    0.0537 0.0003181   0.09025        68       640    0.8677    0.7153     0.741    0.3693    0.0328   0.05636 0.0002653
   182/299     2.96G   0.03665   0.05302 0.0003166   0.08999        98       640    0.8511    0.7107    0.7258    0.3637   0.03297   0.05652 0.0003089
   183/299     2.96G   0.03648   0.05466 0.0003185   0.09146        38       640     0.865    0.7216    0.7377    0.3693   0.03264   0.05616 0.0002918
   184/299     2.96G   0.03631   0.05449 0.0003112   0.09112        43       640    0.8529    0.7169    0.7365      0.37    0.0329   0.05637 0.0002683
   185/299     2.96G    0.0359   0.05334 0.0002956   0.08954        96       640    0.8341    0.7241     0.728    0.3638   0.03261   0.05639 0.0002683
   186/299     2.96G   0.03525   0.05343 0.0002746   0.08895        85       640    0.8562     0.718    0.7345    0.3709   0.03254   0.05596 0.0002504
   187/299     2.96G   0.03521   0.05194 0.0005793   0.08773        71       640    0.8555    0.7143    0.7286    0.3644   0.03203    0.0558 0.0002885
   188/299     2.96G   0.03513   0.05285 0.0002867   0.08827        80       640    0.8488    0.7179    0.7282    0.3696   0.03216   0.05568 0.0002722
   189/299     2.96G   0.03576   0.05378 0.0003957   0.08994        54       640    0.8731    0.7139    0.7357    0.3719   0.03218   0.05563 0.0002545
   190/299     2.96G   0.03621   0.05295 0.0003005   0.08946        93       640    0.8641    0.7215    0.7318    0.3691   0.03228   0.05563 0.0002636
   191/299     2.96G   0.03519   0.05201 0.0002966    0.0875        24       640     0.891     0.718    0.7466    0.3747   0.03188   0.05546 0.0002345
   192/299     2.96G   0.03542   0.05279 0.0002921    0.0885        60       640    0.8639    0.7275    0.7412    0.3731   0.03202   0.05522 0.0002446
   193/299     2.96G   0.03513   0.05357 0.0002622   0.08897        92       640    0.8611    0.7211    0.7372    0.3716   0.03216   0.05539 0.0002479
   194/299     2.96G   0.03487   0.05257 0.0003907   0.08783        32       640    0.8559    0.7288    0.7377    0.3754   0.03173   0.05514  0.000238
   195/299     2.96G   0.03494   0.05254 0.0002935   0.08777        40       640    0.8784    0.7245    0.7427    0.3771   0.03153   0.05503 0.0002301
   196/299     2.96G   0.03487   0.05213  0.000359   0.08736        59       640    0.8571    0.7295    0.7367    0.3742    0.0315   0.05495 0.0002341
   197/299     2.96G   0.03346   0.05059 0.0002772   0.08432        81       640     0.861    0.7237    0.7403    0.3788   0.03147    0.0549  0.000246
   198/299     2.96G   0.03437   0.05273 0.0002606   0.08737        61       640    0.8641    0.7309    0.7454    0.3811   0.03097   0.05458 0.0002226
   199/299     2.96G   0.03378   0.05077 0.0003573    0.0849        71       640    0.8787    0.7163    0.7432    0.3797   0.03102   0.05447 0.0002302
   200/299     2.96G   0.03388   0.05214 0.0002805   0.08629        26       640     0.856    0.7372    0.7434    0.3789     0.031   0.05445 0.0002309
   201/299     2.96G   0.03388   0.05178 0.0002376   0.08589       110       640    0.8676    0.7334    0.7471    0.3828   0.03071   0.05424 0.0002305
   202/299     2.96G   0.03517   0.05242 0.0003029   0.08789        96       640    0.8604    0.7261    0.7416    0.3801   0.03108   0.05474 0.0002322
   203/299     2.96G   0.03722   0.05438 0.0003022    0.0919        51       640    0.8641    0.7142    0.7361    0.3682   0.03348   0.05652 0.0002706
   204/299     2.96G   0.03591   0.05288 0.0004228   0.08922        87       640    0.8709    0.7082    0.7256    0.3685   0.03295   0.05629 0.0002446
   205/299     2.96G   0.03578   0.05409 0.0003109   0.09018        93       640    0.8685    0.7066     0.736    0.3754   0.03234   0.05561 0.0002241
   206/299     2.96G   0.03483    0.0527 0.0003316   0.08786        26       640    0.8654    0.7195    0.7422    0.3793   0.03188   0.05514 0.0002195
   207/299     2.96G   0.03449   0.05135 0.0003145   0.08616        34       640    0.8634     0.719    0.7377    0.3773   0.03164   0.05504 0.0002404
   208/299     2.96G   0.03483   0.05305 0.0002855   0.08816        66       640    0.8736    0.7157    0.7382    0.3786    0.0316    0.0548 0.0002216
   209/299     2.96G   0.03422   0.05177 0.0002944   0.08629        61       640    0.8703    0.7274    0.7505    0.3865   0.03115   0.05456 0.0002174
   210/299     2.96G   0.03414   0.05178 0.0002667   0.08618        92       640    0.8669    0.7171    0.7428    0.3832   0.03089   0.05434 0.0002127
   211/299     2.96G   0.03418   0.05174 0.0002675   0.08618        81       640    0.8764    0.7228    0.7456    0.3828   0.03075   0.05417  0.000216
   212/299     2.96G   0.03391   0.05125 0.0002683   0.08543        43       640    0.8587     0.725    0.7396    0.3842   0.03054   0.05413 0.0002086
   213/299     2.96G    0.0344   0.05219 0.0003131    0.0869       109       640    0.8777    0.7261    0.7511    0.3868   0.03072   0.05412 0.0002053
   214/299     2.96G   0.03396    0.0507 0.0002719   0.08493        31       640    0.8775    0.7296    0.7488    0.3837   0.03071   0.05394 0.0002133
   215/299     2.96G   0.03362   0.05102 0.0002652   0.08491        40       640    0.8993    0.7221    0.7535     0.388   0.03054   0.05378  0.000213
   216/299     2.96G   0.03351   0.05161 0.0003392   0.08546        98       640    0.8812    0.7352     0.755    0.3912   0.03016   0.05368 0.0002155
   217/299     2.96G   0.03459   0.05066 0.0002946   0.08555        53       640    0.8833    0.7269    0.7514    0.3869   0.03126   0.05454 0.0002265
   218/299     2.96G   0.03555     0.054 0.0003416   0.08989        59       640    0.8797    0.7174    0.7403    0.3821   0.03111   0.05441 0.0002161
   219/299     2.96G   0.03403   0.05197  0.000257   0.08625        47       640    0.8744    0.7314     0.753    0.3854   0.03081    0.0543 0.0002123
   220/299     2.96G   0.03426   0.05222 0.0002866   0.08676        74       640    0.8657    0.7249    0.7372    0.3844   0.03046   0.05394 0.0002181
   221/299     2.96G   0.03347   0.05157 0.0002505   0.08529        49       640    0.8884    0.7253    0.7511     0.392   0.03038   0.05372 0.0002123
   222/299     2.96G   0.03388   0.05083 0.0002792   0.08499        58       640    0.8731    0.7327    0.7505    0.3892   0.02999   0.05356 0.0002091
   223/299     2.96G   0.03322   0.05127 0.0002127    0.0847        88       640    0.8541    0.7337    0.7465    0.3917   0.02988   0.05331 0.0002043
   224/299     2.96G   0.03296   0.05085 0.0002349   0.08404        60       640    0.8713    0.7353    0.7526     0.394   0.02965   0.05312 0.0001987
   225/299     2.96G   0.03292   0.05094 0.0002198   0.08408        66       640    0.8557    0.7315    0.7414    0.3884   0.02957   0.05311  0.000199
   226/299     2.96G   0.03283   0.05081 0.0003111   0.08394        94       640    0.8708    0.7325    0.7446    0.3914    0.0295   0.05286 0.0001973
   227/299     2.96G    0.0329   0.05084 0.0002883   0.08403        73       640    0.8649    0.7288      0.75    0.3969   0.02946   0.05291 0.0001936
   228/299     2.96G   0.03301   0.05141 0.0002729    0.0847       119       640     0.885    0.7216    0.7484     0.395   0.02928   0.05287 0.0001943
   229/299     2.96G   0.03323   0.04985 0.0003198    0.0834        20       640    0.8686    0.7298    0.7463    0.3949   0.02936   0.05297 0.0001951
   230/299     2.96G   0.03252   0.05061 0.0002443   0.08338       108       640     0.885     0.729    0.7498     0.394   0.02936   0.05284 0.0001943
   231/299     2.96G   0.03271   0.05047 0.0002546   0.08344        46       640    0.8826    0.7345    0.7535    0.3973   0.02927   0.05279 0.0001945
   232/299     2.96G   0.03204   0.05052 0.0002422   0.08281        65       640    0.8687    0.7269    0.7457     0.396   0.02927   0.05245 0.0001906
   233/299     2.96G   0.03203   0.04968 0.0002168   0.08192        46       640    0.8702    0.7369    0.7482    0.3951   0.02909   0.05239 0.0001883
   234/299     2.96G   0.03235   0.05063 0.0002362   0.08321        81       640    0.8726    0.7339    0.7522    0.3983   0.02886   0.05247 0.0001868
   235/299     2.96G   0.03284   0.05037 0.0002365   0.08345        86       640    0.8626    0.7306    0.7393    0.3939   0.02905   0.05237  0.000189
   236/299     2.96G   0.03272   0.04979 0.0002708   0.08278        96       640    0.8728    0.7297    0.7448    0.3995   0.02911   0.05221 0.0001896
   237/299     2.96G   0.03244   0.05035 0.0002335   0.08302        73       640    0.8754    0.7261    0.7479    0.4022   0.02875   0.05219 0.0001931
   238/299     2.96G   0.03172   0.04919 0.0002866    0.0812        55       640     0.886     0.723    0.7494    0.4044   0.02867    0.0521 0.0001853
   239/299     2.96G   0.03125   0.04932 0.0002128   0.08078        95       640    0.8839    0.7333    0.7535    0.4033   0.02873   0.05184 0.0001864
   240/299     2.96G   0.03218   0.04995 0.0001953   0.08233        56       640    0.8984    0.7197    0.7512    0.4056   0.02853   0.05177 0.0001846
   241/299     2.96G    0.0311   0.04828 0.0002037   0.07958        95       640    0.8922    0.7319    0.7574    0.4066   0.02834   0.05165 0.0001842
   242/299     2.96G   0.03163   0.04971 0.0002326   0.08157        75       640    0.8786    0.7388    0.7552    0.4046   0.02811   0.05161 0.0001841
   243/299     2.96G   0.03266   0.05096 0.0002426   0.08386       104       640    0.8963    0.7303    0.7602    0.4051   0.02847   0.05185  0.000183
   244/299     2.96G   0.03189   0.05081 0.0003241   0.08303        57       640    0.8793    0.7374    0.7532    0.4051   0.02863   0.05177 0.0001811
   245/299     2.96G   0.03188   0.05008 0.0002117   0.08217        45       640    0.8792    0.7342    0.7541     0.404   0.02869   0.05176 0.0001836
   246/299     2.96G   0.03192   0.04938 0.0001935   0.08149        91       640    0.8895    0.7331     0.754    0.4073   0.02837   0.05151 0.0001816
   247/299     2.96G   0.03068   0.04965 0.0002128   0.08054       120       640    0.8877    0.7284    0.7514    0.4081   0.02817   0.05129 0.0001802
   248/299     2.96G   0.03143   0.04942  0.000266   0.08111        30       640    0.8725    0.7298    0.7514    0.4072   0.02798   0.05113 0.0001789
   249/299     2.96G   0.03125   0.04893 0.0003235    0.0805       127       640    0.8712    0.7325    0.7453     0.406   0.02786   0.05089 0.0001759
   250/299     2.96G   0.03146   0.04962 0.0002524   0.08134        26       640    0.8883    0.7301    0.7527    0.4097   0.02791   0.05094 0.0001756
   251/299     2.96G   0.03096   0.04858 0.0002168   0.07975        58       640    0.8819     0.738    0.7624    0.4104   0.02794   0.05097 0.0001757
   252/299     2.96G   0.03136   0.05029 0.0002207   0.08187        36       640     0.867    0.7435    0.7629    0.4101   0.02779   0.05101 0.0001772
   253/299     2.96G   0.03234   0.04947 0.0002648   0.08207        29       640    0.8892    0.7192    0.7553    0.4055   0.02821   0.05163 0.0001796
   254/299     2.96G   0.03206   0.04934 0.0002272   0.08163        75       640    0.8833    0.7203    0.7521    0.4066   0.02811    0.0515 0.0001798
   255/299     2.96G   0.03157   0.04945  0.000374    0.0814        73       640    0.8791    0.7262    0.7498    0.4046   0.02826   0.05138 0.0001846
   256/299     2.96G   0.03158   0.04902 0.0002374   0.08084        59       640    0.8767    0.7264    0.7466    0.4036   0.02806   0.05104 0.0002035
   257/299     2.96G    0.0314   0.04982 0.0002304   0.08145        81       640    0.8677    0.7304    0.7457    0.4048    0.0279   0.05106 0.0001989
   258/299     2.96G   0.03116   0.04865 0.0002109   0.08002        56       640    0.8696    0.7359    0.7532     0.409   0.02775   0.05094 0.0001844
   259/299     2.96G   0.03097   0.04902 0.0002606   0.08025        60       640    0.8803    0.7281    0.7505    0.4094   0.02745   0.05075 0.0001784
   260/299     2.96G   0.03091   0.04779 0.0002758   0.07898        51       640    0.8659    0.7293    0.7449    0.4062   0.02748   0.05061 0.0001832
   261/299     2.96G   0.03084   0.05007 0.0002052   0.08111        91       640    0.8672    0.7303    0.7475    0.4065    0.0275   0.05045 0.0001884
   262/299     2.96G   0.03067   0.04835 0.0001867   0.07921       124       640    0.8626    0.7348    0.7538      0.41   0.02715   0.05025 0.0001769
   263/299     2.96G   0.03059   0.04877 0.0002132   0.07957        59       640    0.8696    0.7392     0.759    0.4152   0.02723    0.0503 0.0001743
   264/299     2.96G   0.03057   0.04819 0.0001958   0.07895        33       640    0.8956    0.7313     0.765    0.4163   0.02715   0.05013 0.0001705
   265/299     2.96G   0.03107   0.04816 0.0002061   0.07944        86       640    0.8966    0.7365    0.7652    0.4155   0.02722   0.05015 0.0001678
   266/299     2.96G   0.03094   0.04841 0.0001928   0.07954        65       640    0.8767     0.741     0.761     0.417   0.02721      0.05  0.000168
   267/299     2.96G   0.03054   0.04862 0.0001885   0.07935        48       640    0.8676    0.7403    0.7595    0.4173   0.02708   0.04987 0.0001657
   268/299     2.96G   0.03073   0.04796 0.0001795   0.07887        81       640    0.8958    0.7288    0.7607     0.418     0.027   0.04983 0.0001656
   269/299     2.96G   0.03025   0.04829 0.0001862   0.07873        49       640    0.8847    0.7388    0.7615    0.4181   0.02683   0.04967  0.000166
   270/299     2.96G   0.02983   0.04852 0.0001882   0.07854        89       640    0.8652    0.7401    0.7571    0.4165   0.02672   0.04958 0.0001665
   271/299     2.96G   0.03002   0.04889 0.0002048   0.07912        23       640    0.8746     0.735    0.7566    0.4181   0.02674   0.04952 0.0001647
   272/299     2.96G   0.02963   0.04791 0.0001767   0.07771        77       640    0.8877    0.7342    0.7599    0.4188   0.02684   0.04945  0.000163
   273/299     2.96G   0.03013   0.04771 0.0002002   0.07804        62       640    0.8923    0.7349    0.7622    0.4185   0.02679   0.04944  0.000162
   274/299     2.96G   0.02989   0.04795 0.0002773   0.07812        63       640    0.8881    0.7332    0.7603    0.4206   0.02661   0.04928 0.0001614
   275/299     2.96G   0.03046   0.04926 0.0002042   0.07993       140       640    0.8742    0.7407    0.7609    0.4203   0.02675   0.04938 0.0001621
   276/299     2.96G   0.03042   0.04835 0.0001904   0.07897        44       640    0.8981    0.7238    0.7569     0.422   0.02671    0.0493 0.0001611
   277/299     2.96G   0.03003   0.04909 0.0002154   0.07933        42       640    0.8728    0.7396    0.7606    0.4218   0.02663   0.04931 0.0001606
   278/299     2.96G   0.03009    0.0485 0.0001787   0.07877        75       640    0.8755    0.7429    0.7629    0.4243   0.02654   0.04914 0.0001648
   279/299     2.96G   0.02998   0.04704 0.0001859    0.0772        96       640    0.8745    0.7419    0.7582    0.4206   0.02634    0.0491 0.0001661
   280/299     2.96G   0.03034   0.04776 0.0003343   0.07843        57       640    0.8802    0.7434    0.7593    0.4215   0.02635   0.04909 0.0001649
   281/299     2.96G   0.02983   0.04738 0.0002418   0.07745        34       640    0.8912    0.7311    0.7576    0.4212   0.02633   0.04899 0.0001628
   282/299     2.96G    0.0304     0.048 0.0001969    0.0786        92       640    0.8933    0.7346    0.7606    0.4213   0.02631    0.0488  0.000162
   283/299     2.96G   0.02962   0.04859 0.0001865   0.07841        63       640    0.8889    0.7371    0.7613    0.4224   0.02636   0.04879 0.0001606
   284/299     2.96G   0.02997   0.04711 0.0001744   0.07725        81       640    0.8678    0.7396    0.7559    0.4208   0.02625   0.04879 0.0001595
   285/299     2.96G   0.02938   0.04729 0.0001944   0.07686        61       640    0.8916    0.7358    0.7556    0.4232   0.02626   0.04866 0.0001589
   286/299     2.96G   0.02981   0.04795 0.0001909   0.07796        57       640    0.8858    0.7375    0.7607    0.4259   0.02623   0.04852 0.0001577
   287/299     2.96G   0.02917   0.04684 0.0001857    0.0762        68       640    0.8702    0.7431    0.7615    0.4255   0.02607   0.04838 0.0001577
   288/299     2.96G   0.02947   0.04655 0.0001964   0.07621        29       640    0.8739    0.7408    0.7611     0.427   0.02589   0.04829 0.0001559
   289/299     2.96G   0.02927   0.04736 0.0001881   0.07681        52       640    0.8898    0.7282    0.7582    0.4255    0.0259   0.04839  0.000158
   290/299     2.96G   0.02979    0.0472 0.0001919   0.07719       107       640    0.8921    0.7311    0.7618    0.4256   0.02589   0.04838 0.0001571
   291/299     2.96G   0.02936   0.04667 0.0002164   0.07625        69       640    0.8824    0.7375    0.7626    0.4278   0.02578   0.04828 0.0001562
   292/299     2.96G   0.02902   0.04724 0.0002009   0.07646        16       640    0.8838    0.7416    0.7665    0.4309    0.0257   0.04807 0.0001552
   293/299     2.96G   0.02864   0.04717 0.0002929   0.07611       128       640    0.8718    0.7438    0.7649    0.4302   0.02565   0.04808 0.0001543
   294/299     2.96G   0.02865   0.04784 0.0002314   0.07672        75       640    0.8769    0.7431    0.7602    0.4256   0.02556   0.04798 0.0001547
   295/299     2.96G   0.02907   0.04608 0.0002026   0.07535        99       640    0.8757     0.748    0.7672    0.4283   0.02574   0.04801 0.0001556
   296/299     2.96G    0.0292   0.04778 0.0001677   0.07715        26       640    0.8754    0.7555    0.7732    0.4284   0.02562   0.04807 0.0001562
   297/299     2.96G   0.02956   0.04812 0.0001832   0.07786        53       640    0.8765     0.754    0.7708    0.4313   0.02552   0.04788 0.0001572
   298/299     2.96G   0.02958   0.04713 0.0001762   0.07688        23       640    0.8654    0.7514    0.7685    0.4293   0.02573   0.04786 0.0001582
   299/299     2.96G   0.02991   0.04711 0.0001699   0.07718        87       640    0.8849    0.7457    0.7707    0.4305    0.0257   0.04784 0.0001578
